      0/29     11.4G   0.04441   0.01219         0    0.0566        71       800    0.4246    0.4808    0.4169   0.08601    0.1105   0.03518         0
      1/29     12.3G   0.03252  0.008278         0   0.04079        62       800    0.8237    0.8268    0.8384    0.3315   0.09263   0.01667         0
      2/29     12.3G   0.03695  0.007882         0   0.04483        60       800    0.5961    0.8462     0.686    0.2097   0.09181   0.01869         0
      3/29     12.3G    0.0387  0.008012         0   0.04671        72       800    0.7913    0.8923    0.8439    0.3358   0.09097   0.01371         0
      4/29     12.3G   0.03342  0.007597         0   0.04102        58       800    0.7629    0.8923    0.8347    0.2456   0.09014   0.01693         0
      5/29     12.3G   0.03476  0.007894         0   0.04266        49       800    0.7781    0.8766    0.8222    0.2868   0.08827   0.01626         0
      6/29     12.3G   0.03321  0.007997         0    0.0412        84       800    0.7629    0.8538    0.8105    0.2908   0.09211   0.01619         0
      7/29     12.3G   0.03856  0.007871         0   0.04643        49       800    0.6604    0.7231    0.6549     0.152   0.09472   0.01694         0
      8/29     12.3G   0.03555  0.007726         0   0.04328        50       800    0.7491    0.7807    0.7589    0.1951   0.09428   0.01561         0
      9/29     12.4G   0.03265  0.008004         0   0.04065        87       800    0.7198    0.7807    0.7667    0.1752   0.08997   0.01796         0
     10/29     12.4G   0.03479  0.008118         0   0.04291        76       800    0.8103    0.9038    0.8703    0.3565    0.0881   0.01583         0
     11/29     12.4G   0.03557  0.008108         0   0.04368        52       800    0.8142    0.7962    0.7913    0.2714   0.08919   0.01627         0
     12/29     12.4G   0.03161  0.008059         0   0.03967        47       800    0.8181    0.8308     0.815     0.335   0.08984   0.01611         0
     13/29     12.4G   0.03474  0.007762         0    0.0425        61       800    0.7954       0.9    0.8465    0.3235   0.08982    0.0155         0
     14/29     12.4G   0.03506  0.007634         0   0.04269        64       800    0.8217    0.8152     0.827    0.3667   0.08913   0.01632         0
     15/29     12.4G   0.03285  0.007841         0   0.04069        60       800    0.8192    0.8538    0.8454    0.3152    0.0893   0.01544         0
     16/29     12.4G   0.03094  0.007938         0   0.03888        49       800    0.7783    0.8923    0.8428    0.3637   0.08844   0.01576         0
     17/29     12.4G   0.03241  0.007642         0   0.04006        59       800    0.8139    0.9115    0.8501    0.3848   0.08572   0.01633         0
     18/29     12.4G   0.03452   0.00769         0   0.04221        59       800    0.8058    0.9115    0.8781    0.3884   0.08643   0.01611         0
     19/29     12.4G   0.03457  0.007741         0   0.04231        87       800    0.7353    0.7269     0.707    0.2391   0.09201   0.01933         0
     20/29     12.4G   0.03321  0.008131         0   0.04134        67       800    0.7327    0.7592    0.7292     0.259   0.08968   0.02215         0
     21/29     12.4G    0.0328  0.007715         0   0.04051        43       800    0.8021    0.8883    0.8391    0.3227   0.08863   0.01614         0
     22/29     12.4G   0.03158  0.008046         0   0.03962        80       800    0.8118    0.8958    0.8632    0.4194   0.08498   0.01659         0
     23/29     12.4G   0.03216  0.007608         0   0.03977        62       800     0.797    0.8769    0.8386    0.2884   0.08922   0.01678         0
     24/29     12.4G   0.03086  0.007484         0   0.03835        72       800    0.8241    0.8654    0.8487     0.302   0.08926   0.01658         0
     25/29     12.4G   0.03211  0.007612         0   0.03972        78       800    0.7795       0.9    0.8357    0.3285   0.08783   0.01658         0
     26/29     12.4G   0.03121  0.007579         0   0.03879        47       800    0.8335    0.8692    0.8614    0.3269   0.08811   0.01643         0
     27/29     12.4G    0.0314  0.007859         0   0.03926        78       800    0.8014    0.8846    0.8304     0.342   0.08683   0.01669         0
     28/29     12.4G   0.03467  0.007347         0   0.04202        58       800    0.8192    0.8538    0.8397    0.2685   0.08995   0.01671         0
     29/29     12.4G   0.02993  0.007672         0    0.0376        49       800    0.8075    0.8769    0.8429     0.339    0.0874   0.01666         0
